
Proving the program took 0.70 seconds

Proving the program took 0.70 seconds
Epoch	Batch	Loss		Valid acc	Test acc	
    0	    0	4.31990		0.0	0.05	
    0	  100	3.89622		0.03333333333333333	0.045	
    0	  200	3.77654		0.07777777777777778	0.13	
    0	  300	3.51244		0.17777777777777778	0.14	
    0	  400	3.31168		0.4666666666666667	0.48	
    1	  500	2.88259		0.5666666666666667	0.57	
    1	  600	2.82156		0.7111111111111111	0.67	
    1	  700	2.70631		0.7333333333333333	0.685	
    1	  800	2.58054		0.7	0.685	
    2	  900	2.49391		0.8444444444444444	0.76	
    2	 1000	2.36860		0.9	0.75	
    2	 1100	2.30023		0.8777777777777778	0.75	
    2	 1200	2.36680		0.8222222222222222	0.75	
    2	 1300	2.35591		0.9222222222222223	0.785	

Proving the program took 0.72 seconds
Epoch	Batch	Loss		Valid acc	Test acc	
    0	    0	4.32713		0.0	0.05	
    0	  100	3.88745		0.0	0.05	
    0	  200	3.77945		0.08888888888888889	0.135	
    0	  300	3.55486		0.1111111111111111	0.17	
    0	  400	3.22432		0.4222222222222222	0.395	
    1	  500	3.02024		0.6777777777777778	0.62	
    1	  600	2.77144		0.7111111111111111	0.72	
    1	  700	2.75300		0.7333333333333333	0.695	
    1	  800	2.65983		0.7222222222222222	0.695	
    2	  900	2.53895		0.8	0.7	
    2	 1000	2.40052		0.8111111111111111	0.765	
    2	 1100	2.43603		0.8777777777777778	0.755	
    2	 1200	2.41108		0.9	0.795	

Proving the program took 0.71 seconds

Proving the program took 0.74 seconds
Epoch	Batch	Loss		Valid acc	Test acc	
    0	    0	4.33393		0.0	0.0	
    0	  100	3.84706		0.022222222222222223	0.05	
    0	  200	3.69372		0.23333333333333334	0.17	
    0	  300	3.37895		0.37777777777777777	0.405	
    0	  400	3.09438		0.5111111111111111	0.53	
    1	  500	2.74655		0.7555555555555555	0.665	
    1	  600	2.72400		0.6777777777777778	0.665	
    1	  700	2.64321		0.7888888888888889	0.725	
    1	  800	2.51242		0.7888888888888889	0.7	

Proving the program took 0.70 seconds
Epoch	Batch	Loss		Valid acc	Test acc	
    0	    0	4.32259		0.0	0.05	
    0	  100	3.86491		0.011111111111111112	0.07	
    0	  200	3.73675		0.16666666666666666	0.195	
    0	  300	3.45860		0.23333333333333334	0.32	
    0	  400	3.21128		0.37777777777777777	0.44	
    1	  500	3.04727		0.5666666666666667	0.55	
    1	  600	2.73946		0.7333333333333333	0.65	
    1	  700	2.76188		0.7333333333333333	0.7	
    1	  800	2.55522		0.8111111111111111	0.675	
    2	  900	2.59426		0.8666666666666667	0.735	
    2	 1000	2.39833		0.8555555555555555	0.735	
    2	 1100	2.37476		0.8777777777777778	0.765	
    2	 1200	2.36181		0.8222222222222222	0.765	
    2	 1300	2.38714		0.8666666666666667	0.765	
    3	 1400	2.27001		0.9333333333333333	0.8	
    3	 1500	2.20458		0.8777777777777778	0.8	
    3	 1600	2.28331		0.8777777777777778	0.8	
    3	 1700	2.28692		0.9	0.8	
    4	 1800	2.43421		0.9	0.8	
    4	 1900	2.10562		0.9666666666666667	0.8	
    4	 2000	2.10890		0.9444444444444444	0.8	
    4	 2100	2.17687		0.9333333333333333	0.8	
    4	 2200	2.11885		0.9222222222222223	0.8	
    5	 2300	2.11740		0.9444444444444444	0.8	
    5	 2400	2.13150		0.9444444444444444	0.8	
    5	 2500	2.21517		0.9777777777777777	0.82	
    5	 2600	2.25948		0.9666666666666667	0.82	
    6	 2700	2.14867		0.9555555555555556	0.82	
    6	 2800	2.01561		0.9666666666666667	0.82	
    6	 2900	2.08414		1.0	0.805	
    6	 3000	2.18559		0.9888888888888889	0.805	
    6	 3100	2.06773		1.0	0.835	
    7	 3200	2.03465		1.0	0.835	
    7	 3300	2.14544		0.9444444444444444	0.835	
    7	 3400	2.21374		0.9777777777777777	0.835	
    7	 3500	2.15228		0.9777777777777777	0.835	
    8	 3600	2.11569		0.9888888888888889	0.835	
    8	 3700	2.08169		1.0	0.815	
    8	 3800	2.00453		0.9888888888888889	0.815	
    8	 3900	1.97615		0.9555555555555556	0.815	
    8	 4000	2.15517		0.9666666666666667	0.815	
    9	 4100	2.16112		0.9777777777777777	0.815	
    9	 4200	2.10596		1.0	0.81	
    9	 4300	2.01542		0.9888888888888889	0.81	
    9	 4400	1.99964		1.0	0.79	
   10	 4500	2.03737		1.0	0.82	
   10	 4600	2.03585		0.9888888888888889	0.82	
   10	 4700	2.05099		0.9666666666666667	0.82	
   10	 4800	2.21903		0.9444444444444444	0.82	
   10	 4900	2.03376		0.9888888888888889	0.82	
   11	 5000	2.11663		0.9888888888888889	0.82	
   11	 5100	2.03710		1.0	0.815	
   11	 5200	2.15907		0.9777777777777777	0.815	
   11	 5300	2.06026		1.0	0.76	
   12	 5400	2.05310		0.9888888888888889	0.76	
   12	 5500	2.05381		0.9777777777777777	0.76	
   12	 5600	2.00980		1.0	0.805	
   12	 5700	2.08178		0.9888888888888889	0.805	
   12	 5800	2.12451		0.9777777777777777	0.805	
   13	 5900	2.16462		0.9777777777777777	0.805	
   13	 6000	2.03498		0.9666666666666667	0.805	
   13	 6100	2.08146		1.0	0.85	
   13	 6200	2.02196		0.9666666666666667	0.85	
   14	 6300	2.03763		0.9888888888888889	0.85	
   14	 6400	1.97266		0.9777777777777777	0.85	
   14	 6500	2.04613		0.9888888888888889	0.85	
   14	 6600	2.01885		1.0	0.775	
   14	 6700	2.17077		1.0	0.825	

Proving the program took 0.80 seconds
Epoch	Batch	Loss		Valid acc	Test acc	
    0	    0	4.31386		0.0	0.05	
    0	  100	3.86101		0.0	0.03	
    0	  200	3.75488		0.05555555555555555	0.1	
    0	  300	3.52136		0.24444444444444444	0.215	
    0	  400	3.28470		0.4777777777777778	0.465	
    1	  500	3.04793		0.6222222222222222	0.59	
    1	  600	2.84245		0.6666666666666666	0.555	
    1	  700	2.88649		0.7	0.67	
    1	  800	2.65655		0.7333333333333333	0.66	
    2	  900	2.60136		0.7555555555555555	0.595	
    2	 1000	2.56594		0.8555555555555555	0.68	
    2	 1100	2.45951		0.8555555555555555	0.72	
    2	 1200	2.36864		0.8777777777777778	0.745	
    2	 1300	2.49082		0.8777777777777778	0.805	
    3	 1400	2.26448		0.8555555555555555	0.805	
    3	 1500	2.20204		0.8333333333333334	0.805	
    3	 1600	2.38804		0.9333333333333333	0.745	
    3	 1700	2.35544		0.8888888888888888	0.745	
    4	 1800	2.38948		0.9333333333333333	0.805	
    4	 1900	2.13600		0.9333333333333333	0.77	
    4	 2000	2.21190		0.9555555555555556	0.775	
    4	 2100	2.22298		0.9444444444444444	0.775	
    4	 2200	2.19091		0.9888888888888889	0.81	
    5	 2300	2.18270		0.9444444444444444	0.81	
    5	 2400	2.18842		0.9555555555555556	0.81	
    5	 2500	2.15557		0.9333333333333333	0.81	
    5	 2600	2.10969		0.9777777777777777	0.81	
    6	 2700	2.14965		0.9555555555555556	0.81	
    6	 2800	2.11163		0.9333333333333333	0.81	
    6	 2900	2.13593		0.9333333333333333	0.81	
    6	 3000	2.23393		0.9333333333333333	0.81	
    6	 3100	2.11748		0.9666666666666667	0.81	
    7	 3200	2.12655		0.9666666666666667	0.81	
    7	 3300	2.13691		0.9555555555555556	0.81	
    7	 3400	2.09477		0.9666666666666667	0.81	
    7	 3500	2.11362		0.9666666666666667	0.81	
    8	 3600	2.15327		0.9777777777777777	0.81	
    8	 3700	2.00957		1.0	0.795	
    8	 3800	2.04896		0.9888888888888889	0.795	
    8	 3900	2.11063		0.9444444444444444	0.795	
    8	 4000	2.18137		0.9777777777777777	0.795	
    9	 4100	2.08587		1.0	0.825	
    9	 4200	2.09289		1.0	0.8	
    9	 4300	2.13537		0.9888888888888889	0.8	
    9	 4400	2.05902		0.9777777777777777	0.8	
   10	 4500	2.02827		0.9888888888888889	0.8	
   10	 4600	1.99731		0.9888888888888889	0.8	
   10	 4700	2.00253		1.0	0.815	
   10	 4800	2.06877		0.9888888888888889	0.815	
   10	 4900	2.04368		0.9888888888888889	0.815	
   11	 5000	2.11101		1.0	0.82	
   11	 5100	2.02861		1.0	0.83	
   11	 5200	2.04232		1.0	0.835	
   11	 5300	2.07492		1.0	0.795	
   12	 5400	2.26649		0.9666666666666667	0.795	
   12	 5500	2.03773		0.9777777777777777	0.795	
   12	 5600	2.02151		0.9777777777777777	0.795	
   12	 5700	2.14391		0.9777777777777777	0.795	
   12	 5800	2.06311		1.0	0.785	
   13	 5900	2.18003		0.9777777777777777	0.785	
   13	 6000	2.04754		0.9888888888888889	0.785	
   13	 6100	2.07307		0.9888888888888889	0.785	
   13	 6200	2.02678		1.0	0.82	
   14	 6300	2.09681		0.9888888888888889	0.82	
   14	 6400	2.14461		0.9888888888888889	0.82	
   14	 6500	2.13091		0.9444444444444444	0.82	
   14	 6600	1.98535		1.0	0.81	
   14	 6700	2.14577		0.9111111111111111	0.81	
   15	 6800	2.15437		0.9777777777777777	0.81	
   15	 6900	2.09501		1.0	0.835	
   15	 7000	2.01437		0.9888888888888889	0.835	
   15	 7100	2.05348		0.9888888888888889	0.835	
   16	 7200	2.05931		0.9777777777777777	0.835	
   16	 7300	2.10468		0.9888888888888889	0.835	
   16	 7400	1.98716		0.9888888888888889	0.835	
   16	 7500	1.98379		0.9888888888888889	0.835	
   16	 7600	2.21675		0.9888888888888889	0.835	
   17	 7700	2.15659		0.9777777777777777	0.835	
   17	 7800	2.10152		0.9666666666666667	0.835	
   17	 7900	2.10640		1.0	0.845	
   17	 8000	1.98793		1.0	0.85	
   18	 8100	2.12899		0.9888888888888889	0.85	
   18	 8200	2.10874		1.0	0.845	
   18	 8300	2.04637		0.9888888888888889	0.845	
   18	 8400	2.15364		0.9777777777777777	0.845	
   18	 8500	2.12952		0.9888888888888889	0.845	
   19	 8600	2.22560		0.9444444444444444	0.845	
   19	 8700	2.05573		0.9666666666666667	0.845	
   19	 8800	2.06726		0.9555555555555556	0.845	
   19	 8900	2.10890		0.9888888888888889	0.845	
   19	 8999	1.97256		0.9888888888888889	0.845	

Training 20 epoch (totalling 9000 batches of size 2) took 254.23 seconds
Best val accuracy:1.0
Test accuracy:0.845

Proving the program took 0.73 seconds
Epoch	Batch	Loss		Valid acc	Test acc	
    0	    0	4.31059		0.0	0.05	
    0	  100	3.88851		0.0	0.01	
    0	  200	3.76435		0.05555555555555555	0.07	
    0	  300	3.52694		0.24444444444444444	0.29	
    0	  400	3.24553		0.5222222222222223	0.525	
    1	  500	3.00894		0.6111111111111112	0.54	
    1	  600	2.80154		0.7111111111111111	0.59	
    1	  700	2.76654		0.6777777777777778	0.59	
    1	  800	2.68940		0.8444444444444444	0.72	
    2	  900	2.61722		0.8222222222222222	0.72	
    2	 1000	2.44643		0.8444444444444444	0.7	
    2	 1100	2.36575		0.8	0.7	
    2	 1200	2.44619		0.8333333333333334	0.7	
    2	 1300	2.47071		0.8444444444444444	0.76	
    3	 1400	2.33307		0.9	0.785	
    3	 1500	2.26833		0.8888888888888888	0.785	
    3	 1600	2.33922		0.9444444444444444	0.82	
    3	 1700	2.33950		0.9555555555555556	0.79	
    4	 1800	2.32820		0.9333333333333333	0.79	
    4	 1900	2.10993		0.9555555555555556	0.79	
    4	 2000	2.20913		0.9444444444444444	0.79	
    4	 2100	2.23116		0.9444444444444444	0.79	
    4	 2200	2.25856		0.9888888888888889	0.805	
    5	 2300	2.20789		0.9777777777777777	0.805	
    5	 2400	2.10709		1.0	0.835	
    5	 2500	2.11215		1.0	0.81	
    5	 2600	2.12791		1.0	0.79	
    6	 2700	2.10953		0.9888888888888889	0.79	
    6	 2800	2.12586		1.0	0.81	
    6	 2900	2.12360		0.9777777777777777	0.81	
    6	 3000	2.18981		0.9777777777777777	0.81	
    6	 3100	2.19083		0.9888888888888889	0.81	
    7	 3200	2.16202		0.9666666666666667	0.81	
    7	 3300	2.20837		0.9444444444444444	0.81	
    7	 3400	2.08877		0.9444444444444444	0.81	
    7	 3500	2.17689		0.9666666666666667	0.81	
    8	 3600	2.22934		0.9888888888888889	0.81	
    8	 3700	2.04667		1.0	0.825	
    8	 3800	2.01467		0.9888888888888889	0.825	
    8	 3900	2.04275		0.9888888888888889	0.825	
    8	 4000	2.16602		0.9888888888888889	0.825	
    9	 4100	2.12584		1.0	0.855	
    9	 4200	2.06345		0.9888888888888889	0.855	
    9	 4300	2.05237		1.0	0.785	
    9	 4400	2.12137		1.0	0.81	
    9	 4499	2.04093		1.0	0.835	

Training 10 epoch (totalling 4500 batches of size 2) took 138.80 seconds
Best val accuracy:1.0
Test accuracy:0.835

Proving the program took 0.74 seconds
Epoch	Batch	Loss		Valid acc	Test acc	
    0	    0	0.49781		0.0	0.05	
    1	  100	0.41700		0.7333333333333333	0.65	

Proving the program took 0.77 seconds
Epoch	Batch	Loss		Valid acc	Test acc	

Proving the program took 0.72 seconds
Epoch	Batch	Loss		Valid acc	Test acc	
    0	    0	0.49774		0.011111111111111112	0.015	
    1	  100	0.48222		0.0	0.015	
    3	  200	0.45728		0.18888888888888888	0.23	
    5	  300	0.40301		0.4666666666666667	0.44	
    7	  400	0.36087		0.6777777777777778	0.525	
    8	  500	0.33398		0.7777777777777778	0.705	
    9	  569	0.33007		0.8	0.68	

Training 10 epoch (totalling 570 batches of size 16) took 29.72 seconds
Best val accuracy:0.8
Test accuracy:0.68

Proving the program took 0.72 seconds
Epoch	Batch	Loss		Valid acc	Test acc	
    0	    0	0.49773		0.03333333333333333	0.015	
    1	  100	0.48279		0.022222222222222223	0.015	
    3	  200	0.46444		0.1111111111111111	0.12	
    5	  300	0.43585		0.17777777777777778	0.17	
    7	  400	0.42385		0.15555555555555556	0.17	
    8	  500	0.40769		0.26666666666666666	0.215	
    9	  569	0.41078		0.2222222222222222	0.215	

Training 10 epoch (totalling 570 batches of size 16) took 28.89 seconds
Best val accuracy:0.26666666666666666
Test accuracy:0.215

Proving the program took 0.74 seconds

Proving the program took 0.74 seconds
Epoch	Batch	Loss		Valid acc	Test acc	
    0	    0	2.07432		0.06666666666666667	0.03	
    0	  100	1.93310		0.03333333333333333	0.03	
    0	  200	1.86437		0.022222222222222223	0.03	
    1	  300	1.80239		0.23333333333333334	0.195	
    1	  400	1.72154		0.35555555555555557	0.32	
    2	  500	1.60450		0.37777777777777777	0.33	
    2	  600	1.53867		0.4111111111111111	0.39	
    3	  700	1.49565		0.6888888888888889	0.59	
    3	  800	1.39854		0.7777777777777778	0.67	
    4	  900	1.37323		0.7111111111111111	0.67	
    4	 1000	1.35564		0.6555555555555556	0.67	

Proving the program took 0.76 seconds
Epoch	Batch	Loss		Valid acc	Test acc	
    0	    0	2.07433		0.05555555555555555	0.04	
    0	  100	1.93132		0.011111111111111112	0.04	
    0	  200	1.87667		0.022222222222222223	0.04	
    1	  300	1.83244		0.07777777777777778	0.055	
    1	  400	1.80123		0.1111111111111111	0.12	
    2	  500	1.72861		0.1	0.12	
    2	  600	1.69747		0.1	0.12	
    3	  700	1.68819		0.2222222222222222	0.235	
    3	  800	1.63191		0.26666666666666666	0.285	
    4	  900	1.62245		0.36666666666666664	0.335	
    4	 1000	1.53726		0.35555555555555557	0.335	
    4	 1100	1.54235		0.4222222222222222	0.42	
    5	 1200	1.50226		0.36666666666666664	0.42	
    5	 1300	1.43403		0.5222222222222223	0.495	
    6	 1400	1.43170		0.5666666666666667	0.505	
    6	 1500	1.42960		0.5444444444444444	0.505	
    7	 1600	1.38492		0.6333333333333333	0.56	
    7	 1700	1.34649		0.6777777777777778	0.55	
    8	 1800	1.37083		0.7	0.55	
    8	 1900	1.34161		0.6666666666666666	0.55	
    8	 2000	1.33103		0.7222222222222222	0.6	
    9	 2100	1.30468		0.7777777777777778	0.555	
    9	 2200	1.28563		0.7777777777777778	0.61	
    9	 2249	1.26162		0.7444444444444445	0.61	

Training 10 epoch (totalling 2250 batches of size 4) took 104.46 seconds
Best val accuracy:0.7777777777777778
Test accuracy:0.61

Proving the program took 0.71 seconds
Epoch	Batch	Loss		Valid acc	Test acc	
    0	    0	2.07548		0.011111111111111112	0.04	
    0	  100	1.94931		0.03333333333333333	0.015	
    0	  200	1.89814		0.03333333333333333	0.015	
    1	  300	1.85421		0.03333333333333333	0.045	
    1	  400	1.81397		0.03333333333333333	0.08	
    2	  500	1.75685		0.05555555555555555	0.095	
    2	  600	1.72648		0.13333333333333333	0.22	
    3	  700	1.72046		0.17777777777777778	0.2	
    3	  800	1.65633		0.18888888888888888	0.255	
    4	  900	1.63381		0.23333333333333334	0.24	
    4	 1000	1.60004		0.2777777777777778	0.295	
    4	 1100	1.60260		0.34444444444444444	0.295	
    5	 1200	1.58852		0.3333333333333333	0.295	
    5	 1300	1.54715		0.37777777777777777	0.335	
    6	 1400	1.54348		0.4444444444444444	0.315	
    6	 1500	1.52103		0.43333333333333335	0.315	
    7	 1600	1.49765		0.4666666666666667	0.39	
    7	 1700	1.47045		0.5444444444444444	0.44	
    8	 1800	1.48863		0.5555555555555556	0.49	
    8	 1900	1.44012		0.5222222222222223	0.49	
    8	 2000	1.44239		0.5333333333333333	0.49	
    9	 2100	1.40960		0.6666666666666666	0.475	
    9	 2200	1.40086		0.5888888888888889	0.475	
   10	 2300	1.37925		0.6444444444444445	0.475	
   10	 2400	1.37542		0.6666666666666666	0.485	
   11	 2500	1.36255		0.7	0.55	
   11	 2600	1.31440		0.7333333333333333	0.515	
   12	 2700	1.33369		0.7111111111111111	0.515	
   12	 2800	1.31136		0.6444444444444445	0.515	
   12	 2900	1.34133		0.7	0.515	
   13	 3000	1.27166		0.7555555555555555	0.56	
   13	 3100	1.27389		0.8444444444444444	0.615	
   14	 3200	1.22851		0.8333333333333334	0.615	
   14	 3300	1.24090		0.8444444444444444	0.635	
   14	 3374	1.25322		0.8444444444444444	0.64	

Training 15 epoch (totalling 3375 batches of size 4) took 105.71 seconds
Best val accuracy:0.8444444444444444
Test accuracy:0.64

Proving the program took 0.73 seconds

Proving the program took 0.71 seconds
Epoch	Batch	Loss		Valid acc	Test acc	
    0	    0	2.49610		0.05555555555555555	0.035	
    0	  100	2.07670		0.03333333333333333	0.035	
    0	  200	2.05699		0.022222222222222223	0.035	
    1	  300	2.01159		0.044444444444444446	0.035	
    1	  400	1.96869		0.022222222222222223	0.035	
    2	  500	1.94592		0.022222222222222223	0.035	
    2	  600	1.94380		0.03333333333333333	0.035	
    3	  700	1.92605		0.03333333333333333	0.035	
    3	  800	1.90326		0.011111111111111112	0.035	
    4	  900	1.86424		0.022222222222222223	0.035	
    4	 1000	1.86913		0.022222222222222223	0.035	
    4	 1100	1.85740		0.044444444444444446	0.035	
    5	 1200	1.87795		0.05555555555555555	0.09	
    5	 1300	1.83154		0.06666666666666667	0.06	
    6	 1400	1.85147		0.08888888888888889	0.075	
    6	 1500	1.82113		0.06666666666666667	0.075	
    7	 1600	1.81876		0.1	0.08	
    7	 1700	1.80921		0.07777777777777778	0.08	
    8	 1800	1.82385		0.05555555555555555	0.08	
    8	 1900	1.79599		0.07777777777777778	0.08	
    8	 2000	1.80963		0.07777777777777778	0.08	
    9	 2100	1.79068		0.08888888888888889	0.08	
    9	 2200	1.78067		0.07777777777777778	0.08	
   10	 2300	1.78167		0.12222222222222222	0.21	
   10	 2400	1.77809		0.1	0.21	
   11	 2500	1.76735		0.15555555555555556	0.2	
   11	 2600	1.76376		0.16666666666666666	0.21	
   12	 2700	1.75639		0.18888888888888888	0.215	
   12	 2800	1.72715		0.2222222222222222	0.215	
   12	 2900	1.75227		0.26666666666666666	0.24	
   13	 3000	1.73420		0.2777777777777778	0.245	
   13	 3100	1.74195		0.2777777777777778	0.28	
   14	 3200	1.71336		0.3333333333333333	0.33	
   14	 3300	1.73563		0.3	0.33	
   14	 3374	1.71199		0.34444444444444444	0.38	

Training 15 epoch (totalling 3375 batches of size 4) took 78.86 seconds
Best val accuracy:0.34444444444444444
Test accuracy:0.38

Proving the program took 0.99 seconds
Epoch	Batch	Loss		Valid acc	Test acc	
    0	    0	2.10687		0.044444444444444446	0.01	
    0	  100	2.05111		0.011111111111111112	0.01	
    0	  200	2.06972		0.044444444444444446	0.03	
    1	  300	2.01852		0.011111111111111112	0.03	
    1	  400	1.98038		0.03333333333333333	0.03	
    2	  500	1.94693		0.044444444444444446	0.04	
    2	  600	1.93810		0.03333333333333333	0.04	
    3	  700	1.91363		0.03333333333333333	0.04	
    3	  800	1.89508		0.05555555555555555	0.085	
    4	  900	1.85386		0.03333333333333333	0.085	
    4	 1000	1.85171		0.05555555555555555	0.07	
    4	 1100	1.84501		0.07777777777777778	0.08	
    5	 1200	1.86623		0.06666666666666667	0.08	
    5	 1300	1.83416		0.03333333333333333	0.08	
    6	 1400	1.84727		0.022222222222222223	0.08	
    6	 1500	1.83615		0.044444444444444446	0.08	
    7	 1600	1.82620		0.07777777777777778	0.095	
    7	 1700	1.82118		0.08888888888888889	0.09	
    8	 1800	1.83525		0.1	0.13	
    8	 1900	1.80043		0.1111111111111111	0.145	
    8	 2000	1.81422		0.07777777777777778	0.145	
    9	 2100	1.79111		0.14444444444444443	0.145	
    9	 2200	1.78683		0.1	0.145	
   10	 2300	1.78089		0.13333333333333333	0.145	
   10	 2400	1.78184		0.15555555555555556	0.19	
   11	 2500	1.76917		0.14444444444444443	0.19	
   11	 2600	1.75819		0.2222222222222222	0.225	
   12	 2700	1.75279		0.2222222222222222	0.255	
   12	 2800	1.72749		0.32222222222222224	0.325	
   12	 2900	1.73915		0.3111111111111111	0.325	
   13	 3000	1.71515		0.34444444444444444	0.39	
   13	 3100	1.70566		0.2222222222222222	0.39	
   14	 3200	1.67988		0.34444444444444444	0.41	
   14	 3300	1.67770		0.5555555555555556	0.505	
   15	 3400	1.65254		0.4777777777777778	0.505	
   15	 3500	1.63771		0.5555555555555556	0.56	
   16	 3600	1.63387		0.5111111111111111	0.56	
   16	 3700	1.61254		0.6	0.555	
   16	 3800	1.60726		0.6666666666666666	0.655	
   17	 3900	1.58750		0.7	0.67	
   17	 4000	1.58301		0.7444444444444445	0.635	
   18	 4100	1.57123		0.7555555555555555	0.705	
   18	 4200	1.54556		0.7444444444444445	0.705	

Proving the program took 0.74 seconds
Epoch	Batch	Loss		Valid acc	Test acc	
    0	    0	2.12462		0.044444444444444446	0.015	
    0	  100	2.07000		0.0	0.015	
    0	  200	2.03704		0.022222222222222223	0.015	
    1	  300	2.00343		0.03333333333333333	0.015	
    1	  400	1.93695		0.011111111111111112	0.015	
    2	  500	1.94031		0.011111111111111112	0.015	
    2	  600	1.92507		0.011111111111111112	0.015	
    3	  700	1.92201		0.05555555555555555	0.055	
    3	  800	1.89837		0.03333333333333333	0.055	
    4	  900	1.85468		0.05555555555555555	0.08	
    4	 1000	1.87060		0.06666666666666667	0.04	
    4	 1100	1.85782		0.03333333333333333	0.04	
    5	 1200	1.87987		0.044444444444444446	0.04	
    5	 1300	1.84308		0.044444444444444446	0.04	
    6	 1400	1.85351		0.06666666666666667	0.05	
    6	 1500	1.84104		0.03333333333333333	0.05	
    7	 1600	1.83988		0.05555555555555555	0.05	
    7	 1700	1.83163		0.07777777777777778	0.04	
    8	 1800	1.83766		0.07777777777777778	0.085	
    8	 1900	1.82293		0.06666666666666667	0.085	
    8	 2000	1.82107		0.08888888888888889	0.06	
    9	 2100	1.80045		0.07777777777777778	0.06	
    9	 2200	1.80843		0.15555555555555556	0.095	
   10	 2300	1.79866		0.15555555555555556	0.16	
   10	 2400	1.78910		0.06666666666666667	0.16	
   11	 2500	1.79121		0.14444444444444443	0.16	
   11	 2600	1.77893		0.2111111111111111	0.22	
   12	 2700	1.76834		0.2777777777777778	0.275	
   12	 2800	1.74446		0.17777777777777778	0.275	
   12	 2900	1.75764		0.17777777777777778	0.275	
   13	 3000	1.74491		0.26666666666666666	0.275	
   13	 3100	1.74247		0.3111111111111111	0.345	
   14	 3200	1.71747		0.2777777777777778	0.345	
   14	 3300	1.72135		0.3333333333333333	0.35	
   15	 3400	1.73728		0.43333333333333335	0.4	
   15	 3500	1.70367		0.5111111111111111	0.445	
   16	 3600	1.70072		0.45555555555555555	0.445	
   16	 3700	1.69940		0.4777777777777778	0.445	
   16	 3800	1.69831		0.4444444444444444	0.445	
   17	 3900	1.68150		0.5333333333333333	0.44	
   17	 4000	1.67872		0.5	0.44	
   18	 4100	1.66677		0.4888888888888889	0.44	
   18	 4200	1.65672		0.5333333333333333	0.5	
   19	 4300	1.66715		0.5333333333333333	0.505	
   19	 4400	1.65104		0.5555555555555556	0.49	
   20	 4500	1.65941		0.5333333333333333	0.49	
   20	 4600	1.64895		0.5888888888888889	0.515	
   20	 4700	1.62894		0.5666666666666667	0.515	
   21	 4800	1.63602		0.6111111111111112	0.525	
   21	 4900	1.62309		0.5777777777777777	0.525	
   22	 5000	1.64541		0.6555555555555556	0.64	
   22	 5100	1.61220		0.6	0.64	
   23	 5200	1.62853		0.6555555555555556	0.6	
   23	 5300	1.61017		0.6555555555555556	0.635	
   24	 5400	1.59914		0.6666666666666666	0.635	
   24	 5500	1.60155		0.6111111111111112	0.635	
   24	 5600	1.60644		0.6555555555555556	0.635	
   25	 5700	1.60069		0.6888888888888889	0.61	
   25	 5800	1.59287		0.6888888888888889	0.605	
   26	 5900	1.57878		0.7333333333333333	0.65	
   26	 6000	1.58448		0.7666666666666667	0.68	
   27	 6100	1.57782		0.6222222222222222	0.68	
   27	 6200	1.57624		0.7	0.68	
   28	 6300	1.56593		0.6111111111111112	0.68	
   28	 6400	1.55568		0.6888888888888889	0.68	
   28	 6500	1.56161		0.6888888888888889	0.68	
   29	 6600	1.55304		0.7111111111111111	0.68	
   29	 6700	1.55945		0.7555555555555555	0.68	
   30	 6800	1.54675		0.7444444444444445	0.68	
   30	 6900	1.54653		0.7777777777777778	0.68	
   31	 7000	1.52548		0.7777777777777778	0.675	
   31	 7100	1.54355		0.6888888888888889	0.675	
   32	 7200	1.52355		0.6222222222222222	0.675	
   32	 7300	1.51712		0.7111111111111111	0.675	
   32	 7400	1.52574		0.6888888888888889	0.675	
   33	 7500	1.50834		0.7111111111111111	0.675	
   33	 7600	1.50833		0.7333333333333333	0.675	
   34	 7700	1.49592		0.7333333333333333	0.675	
   34	 7800	1.49867		0.7666666666666667	0.675	
   35	 7900	1.49515		0.6888888888888889	0.675	
   35	 8000	1.48606		0.6888888888888889	0.675	
   36	 8100	1.47166		0.8111111111111111	0.655	
   36	 8200	1.47916		0.6777777777777778	0.655	
   36	 8300	1.46024		0.6888888888888889	0.655	
   37	 8400	1.46407		0.7777777777777778	0.655	
   37	 8500	1.45598		0.8333333333333334	0.755	
   38	 8600	1.44507		0.7666666666666667	0.755	
   38	 8700	1.44229		0.7777777777777778	0.755	
   39	 8800	1.44135		0.7666666666666667	0.755	
   39	 8900	1.43958		0.7333333333333333	0.755	
   40	 9000	1.43801		0.8666666666666667	0.695	
   40	 9100	1.42177		0.7777777777777778	0.695	
   40	 9200	1.41714		0.8	0.695	
   41	 9300	1.43939		0.7888888888888889	0.695	
   41	 9400	1.41552		0.8	0.695	
   42	 9500	1.40685		0.7777777777777778	0.695	
   42	 9600	1.42032		0.8444444444444444	0.695	
   43	 9700	1.41195		0.7666666666666667	0.695	
   43	 9800	1.40859		0.8	0.695	
   44	 9900	1.42008		0.8777777777777778	0.745	
   44	10000	1.40592		0.8555555555555555	0.745	
   44	10100	1.40370		0.8555555555555555	0.745	
   45	10200	1.38807		0.9222222222222223	0.78	
   45	10300	1.40885		0.8555555555555555	0.78	
   46	10400	1.40371		0.8555555555555555	0.78	
   46	10500	1.38061		0.8666666666666667	0.78	
   47	10600	1.39595		0.8666666666666667	0.78	
   47	10700	1.37617		0.8444444444444444	0.78	
   48	10800	1.39644		0.9	0.78	
   48	10900	1.39170		0.8666666666666667	0.78	
   48	11000	1.37405		0.8777777777777778	0.78	
   49	11100	1.38080		0.9	0.78	
   49	11200	1.39014		0.9111111111111111	0.78	
   50	11300	1.36582		0.9444444444444444	0.79	
   50	11400	1.36024		0.9	0.79	
   51	11500	1.37232		0.8888888888888888	0.79	
   51	11600	1.36720		0.9111111111111111	0.79	
   52	11700	1.37106		0.9222222222222223	0.79	
   52	11800	1.36031		0.9333333333333333	0.79	
   52	11900	1.36555		0.9333333333333333	0.79	
   53	12000	1.35291		0.8777777777777778	0.79	
   53	12100	1.35869		0.9111111111111111	0.79	
   54	12200	1.35629		0.9333333333333333	0.79	
   54	12300	1.36093		0.9444444444444444	0.805	
   55	12400	1.36299		0.9111111111111111	0.805	
   55	12500	1.34281		0.9555555555555556	0.835	
   56	12600	1.35427		0.9111111111111111	0.835	
   56	12700	1.34706		0.9111111111111111	0.835	
   56	12800	1.34491		0.9111111111111111	0.835	
   57	12900	1.33270		0.9555555555555556	0.81	
   57	13000	1.35050		0.9444444444444444	0.81	
   58	13100	1.34870		0.9444444444444444	0.81	
   58	13200	1.35570		0.9444444444444444	0.81	
   59	13300	1.33139		0.9555555555555556	0.81	
   59	13400	1.34229		0.9222222222222223	0.81	
   60	13500	1.35630		0.9555555555555556	0.79	
   60	13600	1.33556		0.9555555555555556	0.815	
   60	13700	1.34041		0.9444444444444444	0.815	
   61	13800	1.32173		0.9555555555555556	0.815	
   61	13900	1.33702		0.9555555555555556	0.815	
   62	14000	1.33147		0.9666666666666667	0.82	
   62	14100	1.32277		0.9666666666666667	0.815	
   63	14200	1.34023		0.9666666666666667	0.8	
   63	14300	1.32744		0.9444444444444444	0.8	
   64	14400	1.33207		0.9777777777777777	0.8	
   64	14500	1.33235		0.9555555555555556	0.8	
   64	14600	1.32635		0.9777777777777777	0.79	
   65	14700	1.32343		0.9777777777777777	0.81	
   65	14800	1.34030		0.9666666666666667	0.81	
   66	14900	1.31087		0.9444444444444444	0.81	
   66	15000	1.32675		0.9555555555555556	0.81	
   67	15100	1.31428		0.9777777777777777	0.8	
   67	15200	1.32193		0.9666666666666667	0.8	
   68	15300	1.33405		0.9666666666666667	0.8	
   68	15400	1.32763		0.9777777777777777	0.795	
   68	15500	1.31493		0.9666666666666667	0.795	
   69	15600	1.32737		0.9666666666666667	0.795	
   69	15700	1.31004		0.9444444444444444	0.795	
   70	15800	1.31648		0.9666666666666667	0.795	
   70	15900	1.31594		0.9666666666666667	0.795	
   71	16000	1.31840		0.9777777777777777	0.84	
   71	16100	1.30719		0.9666666666666667	0.84	
   72	16200	1.32273		0.9888888888888889	0.805	
   72	16300	1.30832		0.9777777777777777	0.805	
   72	16400	1.31197		0.9888888888888889	0.855	
   73	16500	1.31572		0.9666666666666667	0.855	
   73	16600	1.31505		0.9666666666666667	0.855	
   74	16700	1.31717		0.9444444444444444	0.855	
   74	16800	1.31745		0.9666666666666667	0.855	
   75	16900	1.32500		0.9666666666666667	0.855	
   75	17000	1.30336		0.9777777777777777	0.855	
   76	17100	1.31454		0.9555555555555556	0.855	
   76	17200	1.29983		0.9777777777777777	0.855	
   76	17300	1.31418		0.9777777777777777	0.855	
   77	17400	1.30012		0.9777777777777777	0.855	
   77	17500	1.30103		0.9777777777777777	0.855	
   78	17600	1.32247		0.9777777777777777	0.855	
   78	17700	1.30933		0.9888888888888889	0.83	
   79	17800	1.29370		0.9888888888888889	0.81	
   79	17900	1.29368		0.9777777777777777	0.81	
   80	18000	1.31290		0.9777777777777777	0.81	
   80	18100	1.31104		0.9777777777777777	0.81	
   80	18200	1.30574		0.9777777777777777	0.81	
   81	18300	1.30475		0.9777777777777777	0.81	
   81	18400	1.30941		0.9777777777777777	0.81	
   82	18500	1.30499		0.9888888888888889	0.805	
   82	18600	1.28844		0.9666666666666667	0.805	
   83	18700	1.31387		0.9888888888888889	0.835	
   83	18800	1.28771		0.9888888888888889	0.825	
   84	18900	1.31404		0.9777777777777777	0.825	
   84	19000	1.29627		0.9888888888888889	0.835	
   84	19100	1.29612		0.9666666666666667	0.835	
   85	19200	1.30258		0.9777777777777777	0.835	
   85	19300	1.30067		0.9888888888888889	0.81	
   86	19400	1.30831		0.9777777777777777	0.81	
   86	19500	1.29013		0.9888888888888889	0.815	
   87	19600	1.30438		0.9666666666666667	0.815	
   87	19700	1.28753		0.9777777777777777	0.815	
   88	19800	1.30297		0.9777777777777777	0.815	
   88	19900	1.30626		0.9777777777777777	0.815	
   88	20000	1.29437		0.9777777777777777	0.815	
   89	20100	1.29979		0.9666666666666667	0.815	
   89	20200	1.29653		0.9777777777777777	0.815	
   90	20300	1.29629		0.9777777777777777	0.815	
   90	20400	1.30529		0.9777777777777777	0.815	
   91	20500	1.29616		0.9777777777777777	0.815	
   91	20600	1.29700		0.9777777777777777	0.815	
   92	20700	1.28267		0.9888888888888889	0.825	
   92	20800	1.29627		0.9777777777777777	0.825	
   92	20900	1.29730		0.9777777777777777	0.825	
   93	21000	1.29395		0.9777777777777777	0.825	
   93	21100	1.28502		0.9777777777777777	0.825	
   94	21200	1.29071		0.9888888888888889	0.81	
   94	21300	1.28251		0.9777777777777777	0.81	
   95	21400	1.29444		0.9777777777777777	0.81	
   95	21500	1.30381		0.9777777777777777	0.81	
   96	21600	1.30493		0.9888888888888889	0.82	
   96	21700	1.29122		0.9777777777777777	0.82	
   96	21800	1.30237		0.9888888888888889	0.795	
   97	21900	1.29509		0.9666666666666667	0.795	
   97	22000	1.30680		0.9777777777777777	0.795	
   98	22100	1.29392		0.9777777777777777	0.795	
   98	22200	1.29100		0.9777777777777777	0.795	
   99	22300	1.29968		0.9777777777777777	0.795	
   99	22400	1.29160		0.9777777777777777	0.795	
   99	22499	1.28730		0.9777777777777777	0.795	

Training 100 epoch (totalling 22500 batches of size 4) took 956.53 seconds
Best val accuracy:0.9888888888888889
Test accuracy:0.795

Proving the program took 1.02 seconds
Epoch	Batch	Loss		Valid acc	Test acc	
    0	    0	2.04893		0.022222222222222223	0.015	
    0	  100	1.95807		0.022222222222222223	0.03	
    0	  200	1.91982		0.022222222222222223	0.03	
    1	  300	1.88482		0.03333333333333333	0.05	
    1	  400	1.84457		0.06666666666666667	0.045	
    2	  500	1.78482		0.15555555555555556	0.1	
    2	  600	1.76618		0.2111111111111111	0.155	
    3	  700	1.74082		0.24444444444444444	0.22	
    3	  800	1.71149		0.2777777777777778	0.215	
    4	  900	1.70110		0.36666666666666664	0.33	
    4	 1000	1.64746		0.43333333333333335	0.35	
    4	 1100	1.64392		0.37777777777777777	0.35	
    5	 1200	1.61558		0.5222222222222223	0.4	
    5	 1300	1.61775		0.5	0.4	
    6	 1400	1.59597		0.5777777777777777	0.47	
    6	 1500	1.57174		0.5222222222222223	0.47	
    7	 1600	1.54876		0.6888888888888889	0.51	
    7	 1700	1.53403		0.7222222222222222	0.555	
    8	 1800	1.53807		0.7666666666666667	0.595	
    8	 1900	1.48894		0.7777777777777778	0.59	
    8	 2000	1.50851		0.8	0.62	
    9	 2100	1.47499		0.8444444444444444	0.605	
    9	 2200	1.45897		0.8888888888888888	0.6	
   10	 2300	1.44710		0.8444444444444444	0.6	
   10	 2400	1.44726		0.8555555555555555	0.6	
   11	 2500	1.41822		0.8666666666666667	0.6	
   11	 2600	1.41949		0.8	0.6	
   12	 2700	1.40364		0.8444444444444444	0.6	
   12	 2800	1.37905		0.9111111111111111	0.705	
   12	 2900	1.39782		0.9111111111111111	0.71	
   13	 3000	1.38370		0.8666666666666667	0.71	
   13	 3100	1.37356		0.9111111111111111	0.71	
   14	 3200	1.37076		0.8333333333333334	0.71	
   14	 3300	1.35853		0.9111111111111111	0.68	
   15	 3400	1.37462		0.8888888888888888	0.68	
   15	 3500	1.34505		0.9111111111111111	0.735	
   16	 3600	1.36828		0.9	0.735	
   16	 3700	1.35665		0.9111111111111111	0.71	
   16	 3800	1.34575		0.9	0.71	
   17	 3900	1.34559		0.9444444444444444	0.745	
   17	 4000	1.33148		0.8888888888888888	0.745	
   18	 4100	1.32536		0.9111111111111111	0.745	
   18	 4200	1.31864		0.8555555555555555	0.745	
   19	 4300	1.32851		0.9333333333333333	0.745	
   19	 4400	1.31557		0.9	0.745	
   20	 4500	1.32038		0.9222222222222223	0.745	
   20	 4600	1.32441		0.9	0.745	
   20	 4700	1.30539		0.9222222222222223	0.745	
   21	 4800	1.30855		0.9	0.745	
   21	 4900	1.30526		0.9	0.745	
   22	 5000	1.30095		0.9222222222222223	0.745	
   22	 5100	1.30115		0.9	0.745	
   23	 5200	1.29634		0.9111111111111111	0.745	
   23	 5300	1.28003		0.9222222222222223	0.745	
   24	 5400	1.29435		0.9444444444444444	0.735	
   24	 5500	1.29403		0.8888888888888888	0.735	
   24	 5600	1.29849		0.9222222222222223	0.735	
   25	 5700	1.29268		0.9111111111111111	0.735	
   25	 5800	1.28826		0.9111111111111111	0.735	
   26	 5900	1.29285		0.9444444444444444	0.74	
   26	 6000	1.29848		0.9333333333333333	0.74	
   27	 6100	1.28016		0.9333333333333333	0.74	
   27	 6200	1.27985		0.9444444444444444	0.76	
   28	 6300	1.27785		0.9222222222222223	0.76	
   28	 6400	1.27171		0.9444444444444444	0.765	
   28	 6500	1.27599		0.9333333333333333	0.765	
   29	 6600	1.26128		0.9444444444444444	0.76	
   29	 6700	1.27170		0.9222222222222223	0.76	
   30	 6800	1.27927		0.9333333333333333	0.76	
   30	 6900	1.26930		0.9333333333333333	0.76	
   31	 7000	1.25616		0.9333333333333333	0.76	
   31	 7100	1.27164		0.9555555555555556	0.75	
   32	 7200	1.26804		0.9444444444444444	0.75	
   32	 7300	1.26362		0.9555555555555556	0.74	
   32	 7400	1.25977		0.9444444444444444	0.74	
   33	 7500	1.25350		0.9666666666666667	0.715	
   33	 7600	1.24881		0.9555555555555556	0.715	
   34	 7700	1.26271		0.9666666666666667	0.79	
   34	 7800	1.25629		0.9666666666666667	0.73	
   35	 7900	1.25349		0.9333333333333333	0.73	
   35	 8000	1.24260		0.9444444444444444	0.73	
   36	 8100	1.24841		0.9333333333333333	0.73	
   36	 8200	1.24453		0.9555555555555556	0.73	
   36	 8300	1.25286		0.9444444444444444	0.73	
   37	 8400	1.24135		0.9555555555555556	0.73	
   37	 8500	1.24975		0.9555555555555556	0.73	
   38	 8600	1.25746		0.9555555555555556	0.73	
   38	 8700	1.24511		0.9666666666666667	0.77	
   39	 8800	1.24694		0.9555555555555556	0.77	
   39	 8900	1.24461		0.9333333333333333	0.77	
   40	 9000	1.24859		0.9333333333333333	0.77	
   40	 9100	1.24051		0.9333333333333333	0.77	
   40	 9200	1.24192		0.9111111111111111	0.77	
   41	 9300	1.24716		0.9444444444444444	0.77	
   41	 9400	1.23865		0.9222222222222223	0.77	
   42	 9500	1.22773		0.9333333333333333	0.77	
   42	 9600	1.24359		0.9222222222222223	0.77	
   43	 9700	1.24116		0.9333333333333333	0.77	
   43	 9800	1.22650		0.9222222222222223	0.77	
   44	 9900	1.24660		0.9111111111111111	0.77	
   44	10000	1.24378		0.9333333333333333	0.77	
   44	10100	1.23524		0.9444444444444444	0.77	
   45	10200	1.22029		0.9333333333333333	0.77	
   45	10300	1.23538		0.9555555555555556	0.77	
   46	10400	1.23067		0.9333333333333333	0.77	
   46	10500	1.22705		0.9555555555555556	0.77	
   47	10600	1.22976		0.9444444444444444	0.77	
   47	10700	1.22789		0.9444444444444444	0.77	
   48	10800	1.23090		0.9333333333333333	0.77	
   48	10900	1.23249		0.9666666666666667	0.695	
   48	11000	1.21245		0.9444444444444444	0.695	
   49	11100	1.22484		0.9111111111111111	0.695	
   49	11200	1.22926		0.9222222222222223	0.695	
   50	11300	1.22414		0.9	0.695	
   50	11400	1.21103		0.9555555555555556	0.695	
   51	11500	1.24351		0.9444444444444444	0.695	
   51	11600	1.22321		0.9333333333333333	0.695	
   52	11700	1.22851		0.9444444444444444	0.695	
   52	11800	1.22521		0.9333333333333333	0.695	
   52	11900	1.21930		0.9555555555555556	0.695	
   53	12000	1.22884		0.9333333333333333	0.695	
   53	12100	1.23610		0.9333333333333333	0.695	
   54	12200	1.22438		0.9222222222222223	0.695	
   54	12300	1.21608		0.9333333333333333	0.695	
   55	12400	1.22981		0.9222222222222223	0.695	
   55	12500	1.21599		0.9555555555555556	0.695	
   56	12600	1.22405		0.9666666666666667	0.71	
   56	12700	1.21526		0.9555555555555556	0.71	
   56	12800	1.23107		0.9444444444444444	0.71	
   57	12900	1.21308		0.9333333333333333	0.71	
   57	13000	1.21504		0.9111111111111111	0.71	
   58	13100	1.22300		0.9666666666666667	0.69	
   58	13200	1.22094		0.9444444444444444	0.69	
   59	13300	1.20716		0.9222222222222223	0.69	
   59	13400	1.21773		0.9444444444444444	0.69	
   60	13500	1.22620		0.9111111111111111	0.69	
   60	13600	1.22627		0.9111111111111111	0.69	
   60	13700	1.22355		0.9111111111111111	0.69	
   61	13800	1.21277		0.9222222222222223	0.69	
   61	13900	1.22793		0.9111111111111111	0.69	
   62	14000	1.22931		0.9222222222222223	0.69	
   62	14100	1.21541		0.9333333333333333	0.69	
   63	14200	1.23078		0.9222222222222223	0.69	
   63	14300	1.21738		0.9	0.69	
   64	14400	1.22671		0.9555555555555556	0.69	
   64	14500	1.22418		0.9333333333333333	0.69	
   64	14600	1.22022		0.9555555555555556	0.69	
   65	14700	1.22606		0.9444444444444444	0.69	
   65	14800	1.23406		0.9555555555555556	0.69	
   66	14900	1.20834		0.9444444444444444	0.69	
   66	15000	1.21476		0.9222222222222223	0.69	
   67	15100	1.20075		0.8888888888888888	0.69	
   67	15200	1.21617		0.9444444444444444	0.69	
   68	15300	1.22051		0.9555555555555556	0.69	
   68	15400	1.21837		0.9111111111111111	0.69	
   68	15500	1.21796		0.9333333333333333	0.69	
   69	15600	1.21833		0.9666666666666667	0.715	
   69	15700	1.20444		0.9111111111111111	0.715	
   70	15800	1.20722		0.9222222222222223	0.715	
   70	15900	1.21032		0.9444444444444444	0.715	
   71	16000	1.21729		0.9	0.715	
   71	16100	1.20977		0.9111111111111111	0.715	
   72	16200	1.22362		0.9222222222222223	0.715	
   72	16300	1.21181		0.9444444444444444	0.715	
   72	16400	1.21646		0.9333333333333333	0.715	
   73	16500	1.22025		0.9222222222222223	0.715	
   73	16600	1.21416		0.9222222222222223	0.715	
   74	16700	1.20925		0.9333333333333333	0.715	
   74	16800	1.21117		0.9333333333333333	0.715	
   75	16900	1.21239		0.9555555555555556	0.715	
   75	17000	1.20268		0.9111111111111111	0.715	
   76	17100	1.22308		0.9	0.715	
   76	17200	1.19856		0.9555555555555556	0.715	
   76	17300	1.22398		0.9555555555555556	0.715	
   77	17400	1.21298		0.9444444444444444	0.715	
   77	17500	1.22508		0.9444444444444444	0.715	
   78	17600	1.22899		0.9555555555555556	0.715	
   78	17700	1.22308		0.9666666666666667	0.715	
   79	17800	1.20958		0.9222222222222223	0.715	
   79	17900	1.20939		0.9222222222222223	0.715	
   80	18000	1.21655		0.9333333333333333	0.715	
   80	18100	1.21785		0.9444444444444444	0.715	
   80	18200	1.19875		0.9222222222222223	0.715	
   81	18300	1.22373		0.9444444444444444	0.715	
   81	18400	1.21623		0.9666666666666667	0.745	
   82	18500	1.20115		0.9444444444444444	0.745	
   82	18600	1.20264		0.9333333333333333	0.745	
   83	18700	1.22105		0.9222222222222223	0.745	
   83	18800	1.20561		0.9444444444444444	0.745	
   84	18900	1.21920		0.9444444444444444	0.745	
   84	19000	1.20095		0.9333333333333333	0.745	
   84	19100	1.20654		0.9333333333333333	0.745	
   85	19200	1.21329		0.9444444444444444	0.745	
   85	19300	1.21185		0.9444444444444444	0.745	
   86	19400	1.21113		0.9444444444444444	0.745	
   86	19500	1.20241		0.9111111111111111	0.745	
   87	19600	1.22600		0.9333333333333333	0.745	
   87	19700	1.21007		0.9444444444444444	0.745	
   88	19800	1.20767		0.9333333333333333	0.745	
   88	19900	1.20857		0.9444444444444444	0.745	
   88	20000	1.21572		0.9444444444444444	0.745	
   89	20100	1.21578		0.9555555555555556	0.745	
   89	20200	1.20977		0.9555555555555556	0.745	
   90	20300	1.20576		0.9555555555555556	0.745	
   90	20400	1.22060		0.9444444444444444	0.745	
   91	20500	1.20306		0.9333333333333333	0.745	
   91	20600	1.22159		0.9555555555555556	0.745	
   92	20700	1.19774		0.9444444444444444	0.745	
   92	20800	1.20431		0.9333333333333333	0.745	
   92	20900	1.22340		0.9333333333333333	0.745	
   93	21000	1.20803		0.9555555555555556	0.745	
   93	21100	1.20537		0.9333333333333333	0.745	
   94	21200	1.20737		0.9666666666666667	0.695	
   94	21300	1.20039		0.9444444444444444	0.695	
   95	21400	1.21237		0.9333333333333333	0.695	
   95	21500	1.21344		0.9444444444444444	0.695	
   96	21600	1.20093		0.9444444444444444	0.695	
   96	21700	1.19526		0.9444444444444444	0.695	
   96	21800	1.21998		0.9333333333333333	0.695	
   97	21900	1.21256		0.9555555555555556	0.695	
   97	22000	1.21659		0.9666666666666667	0.71	
   98	22100	1.20424		0.9111111111111111	0.71	
   98	22200	1.19552		0.9555555555555556	0.71	
   99	22300	1.21519		0.9333333333333333	0.71	
   99	22400	1.20301		0.9333333333333333	0.71	
   99	22499	1.20397		0.9222222222222223	0.71	

Training 100 epoch (totalling 22500 batches of size 4) took 775.19 seconds
Best val accuracy:0.9666666666666667
Test accuracy:0.71
